193.02958   -32.84556   15.23   15056    81
193.04042   -28.54083   17.22   16995    32
193.04042   -28.22556   17.29   21211    81
193.05417   -28.33889   18.20   29812    37
193.05625   -30.33056   17.62   16042   104
193.06375   -30.11861   16.87   17264    36
193.07500   -27.88639   16.00   16975    57
193.08208   -30.50556   17.90   31572    68
193.13000   -28.39028   17.71   14806    36
193.13458   -28.94944   15.80   16559   118
193.13792   -28.45417   17.90   17032    56
193.14042   -30.47750   18.89   16618    15
193.14417   -30.24750   17.58   27457    15
193.14583   -31.26611   13.90   16404   157
193.14667   -31.24333   15.71   15580    40
193.15208   -28.42389   18.69   29047    64
193.15792   -28.91333   16.80   16052    50
193.16667   -28.39389   18.78   14844    38
193.18083   -30.40028   18.47   32472    67
193.18750   -31.25750   17.80   15751    40
193.18833   -30.59417   18.99   21475    15
193.19375   -30.22667   17.08   20949    34
193.19375   -28.60417   17.73   14886    45
193.19417   -30.46833   18.18   32571    68
193.19625   -30.54917   18.66   31832    49
193.19917   -30.27778   18.03   31450    48
193.20125   -30.11417   18.49   27398    15
193.20625   -30.50500   18.32   31372    54
193.21375   -30.24972   18.80   31876    95
193.21583   -30.45000   18.76   31911    58
193.22125   -30.28111   19.01   15650    15
193.23583   -29.80722   16.73   15057    45
193.24667   -30.35972   17.73   15739    57
193.25083   -30.15361   18.89   25956    44
193.25375   -28.61444   18.11   16716   107
193.27792   -30.27583   18.77   31783    51
193.28458   -30.02083   18.34   27931    94
193.29375   -27.91778   15.40   17319    77
193.29583   -29.18556   16.85   28037     9
193.30292   -28.48222   18.24   16469    30
193.30625   -30.30833   17.62   17138    43
193.30667   -28.42972   18.38   17269    81
193.31375   -28.54472   18.68   15795    96
193.31625   -29.31778   16.80   16403    50
193.32333   -29.76944   17.48   15086    56
193.32375   -30.41056   18.94   32039    58
193.32417   -28.51611   18.18   25612   119
193.32667   -31.03694    0.00   16545    51
193.33042   -30.50528   17.97   30917    36
193.33042   -29.06389   18.10   16515    79
193.33333   -30.44917   17.75   30657    63
193.33417   -28.43083   18.19   18555    15
193.34542   -28.27333   18.38   17689    15
193.34917   -28.34611   15.57   16403    60
193.35625   -28.30500   18.20   16287    15
193.35917   -28.90333   17.84   16336    61
193.36208   -30.11806   18.40   25871    62
193.36458   -28.31056   17.78   33257   105
193.37417   -28.15611   18.38   28874    15
193.37833   -28.26500   17.15   16705    29
193.37833   -28.19139   18.21   16988    15
193.38000   -29.45528    0.00   15201    61
193.38292   -30.79361   17.60   15654    57
193.39375   -28.32972   16.31   16281    40
193.39458   -28.31639   18.60   16717    38
193.39750   -29.11833   18.52   16016    50
193.39958   -28.25083   17.15   16330    15
193.40417   -28.81333    0.00   20985     0
193.41000   -29.80306   18.25   21069    15
193.41583   -30.07694   18.72   21413    15
193.41667   -29.64778   18.14   25854    82
193.41917   -28.81611   15.89   16633   132
193.42167   -28.32417   18.37   21029    70
193.42167   -29.09806   18.49   16566    59
193.42250   -29.84278   18.21   20962    83
193.43958   -29.04778   15.90   14872    48
193.44083   -30.13306   17.53   16640    58
193.44792   -28.80056   18.82   15736    49
193.45000   -28.23694   17.96   15586    38
193.45083   -29.76194   18.89   31033    15
193.45167   -30.00028   18.40   20559    35
193.45250   -30.37389   19.03   31913    31
193.46000   -30.00667   17.72   20589    41
193.46167   -29.77139   18.86   30917    15
193.46292   -29.02111    0.00   16362    80
193.46708   -28.60444    0.00   14791    50
193.46792   -29.02611   15.70   23053    13
193.47292   -29.78722   18.61   30731    82
193.47958   -28.34167   15.79   15938   166
193.48000   -29.16417   18.80   16716    69
193.48083   -30.11361   18.38   26007    34
193.48750   -28.99056   18.53   16493   112
193.48750   -28.42972   18.65   18030   171
193.48792   -29.14167   18.42   17606    36
193.48958   -30.37750   18.48   21633    43
193.49208   -29.86306   17.92   27888    31
193.49292   -29.51944    0.00   17631    52
193.49417   -29.10167   18.84   16654    56
193.49458   -28.99417   18.00   15833    38
193.49583   -30.17250   19.12   17546    61
193.50208   -29.89972   18.73   27838    88
193.50333   -28.73556    0.00   16680    50
193.50667   -28.50028    0.00   16528    50
193.50667   -29.81861   18.57   27762    73
193.50708   -30.28306   18.95   16354    80
193.51083   -30.31306   19.19   20786    37
193.51125   -30.14667   18.59   16483    31
193.51625   -29.52056   18.21   17018    38
193.51708   -29.07250   15.33   17303    50
193.52458   -30.31889   18.12   16962    45
193.52583   -28.97194   19.34   16283    92
193.52708   -30.14611   18.61   32535   105
193.52875   -29.84583   18.13   21029    15
193.53250   -29.27472   18.02   21424    71
193.53333   -29.13972   18.51   16421    58
193.53583   -28.84222   17.93   17546    62
193.53667   -29.79778   17.16   21025    32
193.54125   -30.34500   17.49   15984    38
193.54250   -29.15611   17.10   15265    54
193.54458   -29.17833   15.48   17177    50
193.54667   -29.61056   15.71   25584   100
193.54750   -29.02972   16.14   16622    50
193.55000   -29.49194   19.24   21296    10
193.55083   -29.15667   17.60   15910    36
193.55292   -29.06056   18.57   16945    38
193.55333   -28.72167   16.27   20683    15
193.55375   -29.19639   15.84   22870    51
193.55375   -29.88528   18.04   21495    31
193.55375   -29.97500   18.94   31862    42
193.55417   -30.55611   16.82   15271    35
193.55458   -30.60167   16.60   15669    83
193.55958   -28.98806   17.70   16784    50
193.55958   -29.05056   18.10   17893     9
193.56292   -28.86750   18.66   16706    57
193.56333   -29.81694   17.36   20862    27
193.56542   -29.00556   17.70   15352    50
193.56792   -28.75667   16.41   15548    50
193.56792   -29.79333   18.57   27605    72
193.56833   -30.29139   18.06   15929    72
193.57042   -29.02167   17.06   15310    39
193.57125   -29.01278    0.00   16194   113
193.57292   -29.51750   16.96   24727    34
193.57333   -29.01389   17.50   16359    51
193.57875   -29.30278   15.47   16083    54
193.57875   -28.99167   18.36   14898    87
193.58000   -30.24472   19.01   31726    91
193.58250   -29.02167   17.80   16112    47
193.58292   -30.22361   18.01   15795    41
193.58333   -29.46139   18.84   24422    42
193.58417   -28.86333   18.39   16515    41
193.58500   -29.06917   16.60   16287    50
193.58500   -29.81111   17.92   20828    60
193.58542   -29.27444   18.42   16307    60
193.58542   -29.02972   19.43   21244    98
193.58833   -29.26722   18.55   15951    59
193.58958   -28.96667   18.76   16564    52
193.59000   -29.22333   15.94   16834    50
193.59250   -29.01306   14.53   16219    50
193.59583   -29.07139   15.86   16380    96
193.59625   -28.70444   16.77   20587     9
193.59625   -29.77222   18.96   31914    77
193.59708   -29.01806   16.50   16319    63
193.59792   -29.08500   17.03   15514    59
193.59792   -28.91972   18.76   17758    50
193.59833   -29.16750   17.75   16518    38
193.59875   -29.33444   19.10   24521    92
193.60000   -29.58306   19.12   15040   100
193.60167   -29.08222   13.90   21156    78
193.60250   -28.99306   16.07   16914    50
193.60250   -30.25194   18.57   31759    54
193.60250   -28.93556   18.73   15848    52
193.60333   -28.44194   17.00   20563    96
193.60417   -30.51000   16.77   16742    37
193.60417   -29.07806   18.33   21468    51
193.60625   -29.05111   18.10   17011    49
193.60750   -29.48944   17.89   28420    55
193.61083   -28.95583    0.00   15720    50
193.61125   -29.01028   18.19   15869    56
193.61125   -28.98944   18.64   15556    54
193.61125   -28.90056   18.85   16887    63
193.62000   -29.50000   17.98   21282    15
193.62042   -29.29222   17.29   14969    45
193.62292   -29.07389   18.92   16087    57
193.63083   -28.51806   15.67   20873    34
193.63167   -28.92222   17.56   16892    45
193.63167   -29.18250   18.77   16290    54
193.63500   -29.43472   18.85   28167    15
193.63750   -30.47528   19.01   16589    50
193.63750   -29.39806   19.07   15100    48
193.64167   -29.14333   17.24   15835    49
193.64458   -29.98806   18.11   23000    73
193.64500   -29.38417   19.23   25953    44
193.64583   -29.12472   18.80   17577    60
193.64625   -30.49444   17.83   15517    48
193.64750   -29.07833   15.80   16217    55
193.64833   -29.11028   17.30   16254    60
193.65167   -29.27028   19.17   16418    42
193.65292   -29.34278   18.14   17885    35
193.65875   -29.65000   18.80   17626    56
193.66042   -28.98250   17.00   17101    50
193.66125   -30.23083   17.82   15676    15
193.66250   -29.01972   18.21   15642    56
193.66333   -28.43306   16.50   21157   139
193.66333   -29.29778   19.14   16655    48
193.66458   -29.12028   16.11   22193   111
193.66625   -29.45917   14.82   15132   127
193.66625   -28.94250   15.13   15759    51
193.66833   -29.73139   18.60   16069    42
193.66958   -29.03028   17.40   15849    54
193.67083   -29.22778   14.20   17194    60
193.67083   -28.88389   17.28   16576    33
193.67417   -29.32583   18.33   21393    16
193.67542   -30.32361   14.08   16820    80
193.67625   -29.24417    0.00   17194    80
193.67667   -28.86583   17.48   17003    53
193.67708   -28.80250   18.65   16413    53
193.67750   -29.01694   17.10   22556    50
193.67958   -28.87139   16.50   16242    42
193.68000   -28.83778   17.67   16359    50
193.68125   -30.53944   18.13   16340    33
193.68125   -29.25722   18.62   16971    57
193.68333   -29.51083   18.84   24324    40
193.68417   -29.61639   18.47   15130   132
193.68500   -29.10861   18.34   16063    43
193.68750   -29.51917   19.07   32275   106
193.68958   -29.27111   18.96   16022    35
193.69042   -29.23528   18.52   17612    48
193.69292   -31.01528   17.50   16618    20
193.69292   -29.48972   18.38   16269    27
193.69292   -29.44139   18.99   16554    32
193.69875   -29.20722   18.07   16934    52
193.70000   -30.28250   19.25   15184    45
193.70292   -29.20056   17.90   16219    50
193.70542   -29.16556   13.56   17419    41
193.70625   -30.32611   17.87   16081    34
193.70708   -28.87667   18.77   15377    51
193.70875   -29.05056   18.22   22345   106
193.70917   -29.11361   15.65   21952    55
193.71000   -30.43583   19.10   16865    26
193.71042   -30.86194   18.00   16033    42
193.71625   -29.86972   17.97   17259    34
193.71833   -28.72167   16.60   16986    73
193.71958   -29.48944   18.27   21035   106
193.72167   -28.53306   16.40   15426    50
193.72417   -29.57889   17.30   16353    35
193.72417   -30.26972   18.88   16039    68
193.72458   -29.01306   17.46   16140    36
193.72792   -29.27111   18.92   18902    30
193.72875   -30.35944   19.02   15586    46
193.73125   -29.50333   15.76   16340    86
193.73125   -28.90500   17.15   22905    51
193.73417   -28.98361   16.67   17438    10
193.73458   -28.92833   16.80   15926    50
193.73542   -29.10750   15.00   21731    69
193.73583   -29.83611   17.45   14860    94
193.73833   -29.19861   18.11   21872    33
193.74042   -30.51139   19.24   16488    44
193.74292   -30.22889   18.22   25943    81
193.74333   -30.82194   18.53   15622    55
193.74375   -29.69556   18.33   17734   172
193.75083   -29.19250   18.64   16526    67
193.75208   -30.01556   18.64   17528    35
193.75292   -29.12111   18.49   21193    54
193.75417   -29.00139   18.31   14906   139
193.75500   -29.78917   17.38   20802    84
193.75875   -28.95306   17.47   21747    57
193.75875   -30.14556   18.33   20723    86
193.75917   -30.02972   18.72   16395    28
193.76042   -29.48306   18.39   17692    45
193.76208   -29.83861   18.77   16576    81
193.76375   -29.64778   17.91   24603    41
193.76458   -30.19722   17.52   15498    54
193.76750   -29.42694   17.82   28989    27
193.76750   -29.26528   17.96   17076    37
193.77042   -29.14000   18.89   21393    52
193.77458   -28.97139   18.18   17186    87
193.77583   -28.91194   18.27   17065   162
193.78125   -30.09806   17.49   15355    93
193.78125   -29.52583   18.02   24741    46
193.78333   -29.49583   17.92   17103    35
193.78417   -30.75167   18.52   16517    32
193.78542   -30.72333   16.35   17709    24
193.79042   -29.84222   18.08   16857    35
193.79042   -29.51500   18.52   15163    50
193.79833   -30.43889   15.71   30321    79
193.80542   -29.09389   15.73   20830    53
193.80542   -30.46694   17.76   16112    47
193.80542   -29.67694   17.84   15671    46
193.80708   -29.03000   18.72   15903    53
193.81250   -29.41972   19.02   24705    36
193.81292   -29.36194   18.24   16163    29
193.81750   -29.55361   19.19   24584    69
193.82083   -29.84583   18.84   31938    57
193.82667   -29.87972   18.73   31229    34
193.82792   -29.20139   17.40   16764    57
193.82833   -29.44111   16.98   24697    31
193.83000   -30.52833   18.88   17052    51
193.83083   -29.14528   18.23   21359    90
193.83083   -29.34750   19.21   24541    47
193.83167   -29.28833   17.76   16623    33
193.83250   -29.59750   19.15   17876    43
193.83458   -29.85806   18.61   31156    36
193.83708   -30.23139   17.78   15934    33
193.83708   -29.07917   18.54   20813    41
193.83792   -28.95056    0.00   15834    65
193.84042   -29.87528   18.42   25973    36
193.84042   -30.30111   18.79   15000    44
193.84250   -29.39806   18.05   28785    43
193.84500   -29.02361   18.19   16319    81
193.84542   -29.75944   18.54   38722    73
193.84542   -30.64111   18.75   16459    69
193.84708   -30.44778   19.22   23093    44
193.85000   -30.58500   17.16   23076    80
193.85292   -30.33472   18.75   15440    55
193.85292   -30.23028   19.14   31800    32
193.85292   -30.40389   19.15   16900    31
193.85458   -29.37167   17.67   24441    34
193.85500   -29.38778   19.03   28975    52
193.85542   -29.40056   18.22   28949    50
193.85625   -29.29083   18.39   17819    39
193.85708   -30.42583   17.53   18229    54
193.85958   -29.55889   18.06   16159    41
193.86000   -30.57528   17.69   16118    35
193.86458   -29.06000   17.37   21462    50
193.86500   -29.45528   19.04   15425    31
193.86542   -28.79750   16.50   17487    51
193.86917   -29.14361   15.09   21521   117
193.87333   -28.75972    0.00   17367   109
193.87500   -29.42861   18.94   28756    84
193.87500   -30.45694   19.02   17170    31
193.87708   -29.67500   18.87   20398    76
193.87708   -30.21000   18.96   31886    80
193.87875   -31.00444   18.96   16707    71
193.87917   -30.47083   18.85   15933    75
193.87958   -29.36917   17.47   16786    35
193.88208   -30.42722   18.50   15922    51
193.88250   -30.35861   18.50   16308    33
193.88792   -28.81444    0.00   17740    69
193.88792   -31.25500   17.25   16834    15
193.88792   -30.41528   18.84   16996    15
193.89042   -29.93250   17.88   16341    30
193.89083   -29.00917   17.62   20961    47
193.89167   -29.54667   19.21   24486    16
193.89625   -29.31556   19.28   28877    15
193.89875   -30.22194   17.48   16667    45
193.90000   -30.34750   14.30   16162    61
193.90250   -30.53417   18.01   16768    35
193.90792   -30.34111   19.09   15649    60
193.90875   -30.36028    0.00   16417    64
193.91250   -30.44194   18.88   18294    38
193.91375   -30.99528   18.11   15156    79
193.91625   -30.35556   15.90   16439    39
193.91625   -29.05917   18.84   30808   114
193.91708   -30.03778   15.81   15571    96
193.91750   -30.35417    0.00   16624    83
193.91792   -28.57611   15.59   17033    71
193.91792   -28.82861   17.45   22620     9
193.92125   -30.35833    0.00   15965    90
193.92333   -30.35167    0.00   16776    69
193.92542   -30.21361   19.04   17134    36
193.92625   -30.32333   16.70   16246    57
193.92667   -30.69833   18.53   15997    33
193.92708   -30.46611   17.93   17147    39
193.92833   -29.50722   18.03   16375    29
193.92958   -30.71833   16.16   15451    39
193.93167   -29.41139   15.84   18479    94
193.93458   -30.40556   17.84   16004    46
193.93583   -29.37556   18.86   14855    90
193.93667   -29.01972   18.19   16611    57
193.94000   -30.05667   18.19   15623    60
193.94042   -30.41472   18.32   16162    75
193.95083   -30.39000   18.78   16652    50
193.95417   -30.35944   17.91   16536    32
193.95583   -30.56639   18.87   15449    60
193.95708   -30.23556   17.44   16398    52
193.95792   -30.44556   18.30   15250    51
193.95833   -30.66028   18.74   17097    40
193.95875   -33.24000   15.40   36313    23
193.96167   -28.75472   18.02   16381    40
193.96583   -31.31389   17.58   15839    32
193.96625   -30.00806   18.17   16840    28
193.96625   -28.78333   18.35   16178    15
193.96875   -29.69139   19.10   16132    41
193.97000   -30.42583   18.21   16274    31
193.97167   -30.21806   18.85   16808    56
193.97250   -31.12528   18.60   16048    33
193.97333   -30.45694   17.32   16174    29
193.97458   -30.29111   19.04   16130    15
193.97500   -31.30333   18.48   16176    40
193.97583   -31.32389   15.53   16232    94
193.97583   -30.36167   18.52   17451    33
193.97750   -31.15250   17.38   16609    34
193.97917   -30.39639   18.79   15825    44
193.98000   -30.72139   16.20   16753    30
193.98125   -30.26528   18.03   16623    32
193.98375   -29.12083   18.68   31080    66
193.98750   -29.98306   18.09   17073    35
193.98792   -29.92806   18.41   16915    37
193.98833   -31.38778   17.66   16790    44
193.99000   -29.29944   17.15   16784    41
193.99375   -32.10000   16.60   18166    73
193.99458   -30.42861   17.92   16418    29
193.99542   -29.74667   17.87   16785    62
193.99750   -29.34556   18.78   20440    75
193.99917   -29.66083   19.23   16486    77
193.99958   -30.00056   17.78   16044    15
194.00125   -29.59639   18.83   16099    40
194.00708   -30.97833   18.72   16573    38
194.00875   -29.60306   18.95   16107    81
194.01000   -32.21333   16.50   16648    89
194.01083   -30.83472   18.34   16535    51
194.01875   -30.70056   18.13   17022    37
194.01917   -30.44083   18.30   15503    39
194.01958   -31.08500   18.35   16640    39
194.01958   -31.43278   18.49   16734    85
194.02292   -29.45667   17.88   25628    33
194.02625   -30.33889   18.61   17586    37
194.03000   -29.90444   17.91   16442    28
194.03792   -31.32639   17.57   17251    80
194.04333   -29.62194   18.80   15303    43
194.04500   -30.65222   18.55   15829    35
194.04667   -30.73556   18.44   15482    66
194.05125   -29.86667   17.70   17081    31
194.05125   -29.04917   18.33   16169   108
194.05208   -31.30806   18.17   16905    37
194.05417   -30.14972   16.94   15336    37
194.05458   -29.22917    0.00   16825   118
194.05667   -29.63250   18.03   15261    62
194.05667   -30.60056   18.54   17341    41
194.05750   -33.30056   15.60   35170    41
194.05750   -30.74750   18.37   16728    30
194.05792   -31.11444   16.97   16579    33
194.06375   -30.79861   18.29   15504    54
194.06667   -30.40833    0.00   15035    90
194.06958   -29.98444   18.62   25102    16
194.07042   -30.29111    0.00   17193    90
194.07458   -29.15222   18.31   16736    69
194.07542   -30.63444   17.47   28270    34
194.07542   -30.06333   18.94   17424    61
194.07958   -30.95917   18.03   16670    25
194.08000   -30.24444   17.19   15949     0
194.08458   -30.67111   17.42   15327    39
194.08583   -30.87361   18.78   16973    38
194.08708   -31.19667   17.85   17611    33
194.08708   -31.24611   18.12   18190    44
194.08750   -28.98750   16.63   17885    54
194.08875   -28.83639   18.84   22115    15
194.09125   -28.91722   18.28   29616    73
194.09417   -31.28889   17.88   16970    62
194.09708   -29.56306   18.90   15236    91
194.09875   -30.25722   18.51   15212    83
194.10083   -30.66917   17.93   16904    41
194.10417   -29.21667   15.26   16993    68
194.10417   -31.43417   18.36   15776    68
194.10417   -30.09139   18.64   16948    32
194.10625   -30.22250   17.95   31929    35
194.11250   -29.45750   18.98   17780    59
194.11333   -29.02611   18.25   18053    36
194.11333   -30.52694   18.58   15950    31
194.11458   -31.45194   15.86   15692    13
194.11583   -29.14861   15.65   17719    19
194.11583   -29.10750   18.67   20728    15
194.11667   -31.28556   16.97   17183    34
194.11708   -30.39444   18.19   16016    37
194.12000   -31.39056   18.58   17502    31
194.12125   -29.85583   18.64   15302    91
194.12458   -29.88417   18.65   17189    59
194.12667   -31.29556   18.44   16691    28
194.13250   -30.44500   16.40   16911    36
194.13250   -30.63694   17.64   16980    34
194.13292   -32.93917   16.50   23072    37
194.13333   -30.29500   18.65   16057    51
194.13500   -31.40139   18.09   16383    36
194.13625   -28.95389   18.51   17728    53
194.13958   -30.50250   18.60   16390    34
194.14042   -31.06389   17.77   17451    35
194.14292   -30.12944   17.88   14889    37
194.15417   -30.26639    0.00   16953    60
194.15875   -30.46389   18.44   16536    30
194.15958   -30.79972   18.81   15201    37
194.16208   -30.17500   16.74   15965    28
194.16333   -30.86167   17.43   15534    37
194.16375   -31.02472   18.71   15382    77
194.16625   -30.12222   18.88   24592    79
194.17042   -29.87306   18.11   16643    63
194.17083   -31.33861   17.39   17200    30
194.17083   -31.05528   17.46   17175    26
194.17625   -29.75722   18.59   16970    89
194.17958   -30.02028   17.75   16798    33
194.18042   -30.74972   17.36   16198    32
194.18125   -27.98444   15.84   30909    96
194.18208   -30.24222   18.07   16778    28
194.18667   -30.69694   18.53   16062    41
194.18792   -31.02472   18.18   24663    40
194.19417   -30.53944   17.30   16332    39
194.19625   -29.70500   18.12   16094    69
194.19667   -30.33167   16.50   19900   210
194.20208   -30.62806   18.40   20709    35
194.20333   -30.29056   16.50   16873    90
194.20333   -28.81500   18.79   20658    15
194.20667   -32.71306   16.30   33379    30
194.20875   -31.23472   18.44   18521    40
194.21000   -28.84667   17.64   15406    40
194.21125   -30.24056   17.90   17023    27
194.21458   -30.81500   18.78   16190    33
194.21500   -28.81250   18.86   20249    47
194.21667   -30.79472   17.56   16130    31
194.21708   -30.47778    0.00   16743   120
194.21958   -29.16556   18.01   24567    63
194.22375   -31.52861   17.40   15896    58
194.22542   -30.38528    0.00   16743    60
194.22542   -33.00333   14.70   14854    17
194.22875   -31.45417   16.74   16033    35
194.22958   -30.49472    0.00   15994    60
194.23083   -29.18444   18.52   16209   128
194.23125   -30.40667   17.60   16678    54
194.23583   -31.22972   18.30   26402    69
194.23917   -28.93944   17.79   16681    63
194.23917   -30.41278   18.53   17235    37
194.23958   -30.50222   17.99   15145    31
194.24125   -29.24194   15.99   24623    39
194.24167   -28.98556   18.00   15562    52
194.24250   -31.32944   14.80   16929    15
194.24292   -30.10139   18.57   17162    15
194.24333   -30.40056   16.70   15381    38
194.24500   -31.36889   18.19   17077    39
194.25042   -30.43389   16.30   17153    33
194.25333   -29.95139   17.33   17469    41
194.25542   -30.24278   15.85   16698   174
194.26000   -30.32389   18.37   18197    33
194.26125   -32.95667   16.60   22664   120
194.26167   -29.92306   18.93   16875    15
194.26292   -28.60806   18.75   20087    91
194.26792   -30.37500   15.50   16251    34
194.26792   -28.90667   18.10   17870    15
194.27000   -30.47194   15.90   16424    60
194.28250   -30.33278   17.50   18461    35
194.28583   -30.02667   18.09   16617    15
194.28708   -31.31611   16.97   15621    32
194.28792   -30.35028    0.00   16144    60
194.29000   -29.05056   16.93   18320    55
194.29458   -33.18389   16.20   21631    93
194.29750   -30.35833   18.50   17158    45
194.29792   -30.36111   17.10   15265    38
194.29792   -31.26639   17.55   16700    31
194.29792   -28.43444   18.68   20886    39
194.30042   -30.46167    0.00   16354    60
194.30083   -28.94611   17.66   15485    47
194.30167   -29.03222   18.40   21137    55
194.30375   -31.18667   18.57   15522    50
194.30458   -30.28333    0.00   18512    60
194.30542   -28.79389   17.06   20159    37
194.30708   -28.89722   18.26   24433    68
194.31292   -30.20222   16.30   15854    90
194.31375   -28.37611   18.12   20750    59
194.31667   -30.34694   17.70   16376    41
194.31667   -28.75500   18.38   24585    70
194.31750   -29.93972   15.92   17550   107
194.32042   -31.26944   18.04   16414    36
194.32292   -30.35306   18.00   16990    24
194.32500   -30.80222   18.80   22762    80
194.32583   -28.73806   16.60   20624    61
194.32583   -29.92028   17.57   17200    83
194.32750   -32.07722   16.00   16481    87
194.33292   -30.36472   15.80   16540    30
194.33458   -31.18917   18.05   16575    31
194.33708   -30.36056    0.00   17131    53
194.33708   -30.35694   17.40   17065    46
194.33875   -30.35917    0.00   15622    55
194.33875   -28.50611   17.23   20096    25
194.34125   -30.36361   16.00   16247    21
194.34167   -31.39806   16.61   17815    61
194.34792   -30.45528   18.54   16999    35
194.34958   -30.33250   18.10   15602    33
194.35125   -28.70444   18.28   19816    29
194.35167   -30.38639   16.50   16754    40
194.35167   -28.54056   18.37   16960    28
194.35333   -29.06222   15.62   17863   129
194.36208   -30.35806   18.41   16872    36
194.36417   -30.59778   17.89   16721    29
194.36917   -29.00556   16.82   18745    15
194.37458   -27.87306   15.91   17497   139
194.37750   -28.63583   18.65   20310    19
194.38750   -29.04167   18.25   22723    15
194.39083   -31.35972   18.10   16623    41
194.39542   -30.45056   15.36   17241    64
194.39542   -32.96056   16.30   22462    57
194.39542   -28.31556   18.58   23010    46
194.39583   -29.03056   17.25   17709    70
194.40042   -28.64250   18.60   19674    43
194.41250   -30.91611   17.00   16376    56
194.41417   -30.34472   18.17   16197    49
194.41500   -28.52250   18.53   20109    81
194.41708   -31.20361   18.50   22935    57
194.42125   -28.40639   19.32   19749   105
194.42333   -27.97083   16.50   19934   302
194.42458   -29.60500   16.40   16806   110
194.42583   -32.85056   15.30   22453    24
194.43000   -28.59278   18.65   19602    32
194.43250   -28.41750   19.27   20151    95
194.43833   -30.39722    0.00   17478    60
194.44250   -31.29333   18.45   16704    33
194.44417   -28.52833   19.01   20105    96
194.44583   -28.54139   17.61   20279    32
194.44667   -30.30306    0.00   16833    60
194.44667   -28.51556   19.18   20626    89
194.44750   -28.52222   18.58   20983    56
194.45208   -28.42000    0.00   20086   120
194.45208   -28.50250   18.49   19960    43
194.45333   -28.31556   18.78   19892   145
194.45583   -28.52250   16.84   20142    31
194.45625   -29.86389   16.70   16855   130
194.45708   -28.58222   17.10   17123    57
194.45875   -28.47056   16.84   19970    51
194.45917   -30.46889    0.00   17523    90
194.46333   -28.68306   19.11   16977   193
194.46625   -28.48306   19.35   19623    97
194.47083   -28.46028   18.21   19547    53
194.47208   -28.32722   18.39   20166    44
194.47333   -28.42306   17.19   20094    91
194.47417   -30.71083   16.60   17856    62
194.47625   -30.26194   16.00   16004    60
194.47792   -28.48000    0.00   19728    43
194.47792   -30.47611   16.50   17473    90
194.47833   -28.47889    0.00   19722    36
194.48083   -28.47778    0.00   19705    69
194.48417   -30.67444   16.00   16226    59
194.48625   -28.46944    0.00   19818    32
194.48667   -31.50944   16.70   17313    83
194.48750   -28.32917   19.17   20562   132
194.48833   -28.18861   16.30   22056    87
194.49000   -28.33444   18.11   20382   133
194.49042   -30.32583   18.49   16952    84
194.49125   -28.42389   17.55   17083    54
194.49125   -28.28889   19.22   23843    87
194.49250   -30.30833    0.00   16863    90
194.49375   -30.13444   15.26   15159   130
194.49917   -29.54556   17.88   31721    59
194.50042   -33.30722   16.30   27992    21
194.50167   -28.47111   18.63   17026    36
194.50417   -28.29778   19.14   19919    17
194.50875   -28.42861   19.31   22527   109
194.50917   -30.25250    0.00   17373   120
194.51500   -28.33222   18.60   19909    51
194.51583   -30.49083   16.20   14955    90
194.51750   -28.49750   15.60   19827    45
194.51792   -30.39722    0.00   16144    60
194.51792   -28.54833   19.35   20942   115
194.52375   -30.27444   15.43   16662    52
194.52375   -28.28444   17.93   19736    22
194.52583   -28.29750   18.48   19674    62
194.53000   -30.47000   17.61   22754    12
194.53042   -30.36806    0.00   16923    90
194.53417   -28.21444   16.40   22781   152
194.53500   -29.42000   15.00   25974    88
194.53917   -28.47361   19.40   20370    83
194.55708   -28.48944   19.22   20396   200
194.56500   -28.27250   17.84   23416    61
194.58042   -28.54250   18.73   20094   104
194.58333   -29.81889   17.80   16879    69
194.58625   -28.50389   18.32   20731    43
194.58708   -28.60417   19.22   20208    98
194.58875   -30.27222    0.00   17163    90
194.59667   -28.24722   18.90   22484   123
194.60042   -28.49167   17.72   20444    36
194.60375   -28.68194   18.46   19183    86
194.61083   -28.27944   18.38   23148    68
194.61167   -28.49556   15.43   20571    92
194.62125   -28.62083   18.28   20379    48
194.63042   -30.11250   15.90   16874    73
194.63292   -31.57556   15.60   15801    77
194.64250   -29.43694   17.78   25656    90
194.65208   -28.49528   19.09   32533    47
194.65792   -28.69278   18.40   19344    44
194.66333   -29.50861   18.31   32048   171
194.66542   -28.62444   17.05   21062    57
194.66625   -28.25778   17.93   19528   116
194.66667   -32.79111    0.00   61481    43
194.66917   -28.47944   17.58   20928    13
194.67208   -28.68861   19.04   31627   201
194.67667   -30.04889   16.30   17753   109
194.68125   -28.55306   17.45   20823    71
194.68167   -28.40167   19.06   20619    57
194.70708   -30.54500   16.30   15450    86
194.72250   -29.33056   18.66   32077    50
194.72917   -28.63750   18.59   20706   155
194.75708   -28.55444   19.25   15830    79
194.76375   -31.74694   15.59   15520    86
194.78333   -28.27278   16.70   16707    66
194.84208   -29.16028   18.68   37148   106
194.91125   -30.45306   15.80   17170   152
194.91500   -28.79139   16.40   25271    62
194.93208   -32.62139   15.36   22833    81
194.94542   -29.21111   18.62   33036   145
194.95917   -30.54111   15.90   16274    59
195.00625   -33.39444   15.70   35370    22
195.07542   -29.73472   17.56   17183    46
195.08750   -31.95278   15.79   16317    61
195.12042   -31.13278   16.60   24756    49
195.12750   -30.86500   14.79   17057    93
195.13750   -31.59222   15.86   16787    95
195.14583   -28.89333   18.60   20412    14
195.17708   -29.85500   17.54   18381    22
195.19333   -29.72639   17.45   32185   103
195.21875   -29.63528   17.80   28528    72
195.22500   -32.54083   18.43   29886   128
195.23000   -28.80083   18.12   16301   146
195.28042   -29.90639   18.40   16529    78
195.28417   -28.99944   18.17   19563    38
195.31167   -29.15194   17.99   25461    84
195.32000   -32.96139   17.79   35313    32
195.33917   -28.57306   18.35   22666   111
195.34833   -28.82500   17.94   20113    36
195.35750   -32.52083   15.60   25416    45
195.38250   -31.92917   15.83   25297    64
195.41792   -28.00194   16.60   21063    95
195.44750   -32.93306   18.09   16453   123
195.48000   -29.12056   18.78   20128    47
195.48458   -29.40694   17.24   14821    66
195.54458   -32.92472   17.85   25623    30
195.58583   -30.09944   16.60   15010    56
195.64250   -33.67639   15.50   36189    23
195.68542   -28.83694   18.05   26028    33
195.69083   -28.47472   18.28   15304   146
195.70167   -28.75444   18.64   23276   106
195.73750   -28.17083   18.48   32293    65
195.75542   -28.70222   18.55   31959    34
195.77333   -28.89472   18.74   32412    56
195.79458   -31.51194   16.30   16914    78
195.79667   -31.64000   16.30   15886     6
195.83833   -33.97861   15.53   23713    68
195.89625   -28.23389   18.62   20459    39
195.95708   -31.47194   15.70   15712    99
195.99208   -31.48083   16.00   16593   136
196.00208   -28.37444   18.60   31361    32
196.04500   -30.84500   16.50   24386   108
196.06500   -36.46722   15.74   27469    33
196.06625   -33.87556   15.80   21437   126
196.06875   -30.56750   16.40   19428    50
196.09208   -37.51556   15.61   15818   101
196.09417   -31.19528   14.42   15752   109
196.10667   -32.55500   16.50   15201   117
196.10833   -29.55111    0.00   15529   120
196.11625   -29.56500   15.93   15441    43
196.13042   -31.34778   16.50   15564    81
196.14792   -29.84278   17.82   25772    32
196.20875   -30.74667   17.52   15698    35
196.23958   -31.67083   15.80   16055    82
196.24500   -36.83833   15.84   17698    13
196.26833   -37.59583    0.00   15567    27
196.26958   -29.18694   18.03   31066    40
196.29500   -29.88639   18.00   17928    72
196.32083   -30.86944   18.66   39399    47
196.32500   -28.86028   18.59   14998    10
196.35875   -36.53139   14.90   37525    71
196.35958   -28.97056   18.43   31290    46
196.36625   -29.16972   17.53   30365    81
196.38208   -29.90028   18.07   20303    82
196.38333   -29.41667   17.81   19655    23
196.38375   -31.51333   16.20   16313    97
196.38708   -28.41111   18.09   22919    60
196.39667   -31.04194   17.58   32296    81
196.40375   -34.29944   15.86   25647    42
196.41875   -37.61250    0.00   15675    30
196.42542   -30.95306   17.50   29902    59
196.43208   -31.52750   15.56   16416    82
196.44125   -29.14472   17.56   31561    31
196.44333   -27.77111   16.50   16301    84
196.45917   -30.60278   18.73   31889    66
196.46042   -30.54111   18.71   39476   119
196.47292   -28.64917   18.66   31314    71
196.47500   -29.56833   18.72   22248    37
196.50958   -37.60083   15.50   14899    97
196.51125   -29.19667   17.06   15063    42
196.51333   -36.00917   15.70   24066    96
196.51833   -34.31750   14.80   14977    71
196.52667   -29.56750   16.40   15801    77
196.53042   -37.60111   15.70   14836    20
196.53583   -31.48556   15.09   15963    35
196.55083   -29.55528   16.00   20188    95
196.55125   -37.58611    0.00   16074    32
196.56000   -37.60444    0.00   14957    21
196.56625   -37.00556   15.65   14943    69
196.58333   -37.59556    0.00   15125    26
196.58375   -29.56333   15.68   20080    71
196.59042   -34.63278   16.30   36536    50
196.59500   -29.14417   16.50   14802    97
196.60208   -37.57028    0.00   37581    42
196.60250   -29.55056   18.60   20478    64
196.60333   -30.23972   17.17   15490   105
196.60333   -28.23694   17.93   38966    44
196.61042   -37.27056    0.00   33716    59
196.61292   -28.37472   18.37   32462    52
196.62125   -30.16889   15.60   15374   103
196.62958   -37.55417    0.00   14825    27
196.63167   -29.22556   16.30   15038    71
196.64333   -34.19389   15.62   25475   184
196.65833   -29.63944   17.18   19754    45
196.68125   -34.37333   16.60   19102    17
196.68167   -37.60917    0.00   15445    71
196.69333   -34.19972   16.40   29038    30
196.69458   -28.20389   15.30   23485    88
196.71292   -36.98250   15.92   15011   215
196.71417   -37.56639   15.80   15050    19
196.71708   -28.93472   17.48   21435    75
196.72833   -32.33472   16.70   14874    81
196.73167   -28.66389   17.38   31893    89
196.73292   -28.88722   18.67   26429    30
196.76667   -29.13361   18.64   35006   122
196.77833   -28.82167   18.57   34453    33
196.78708   -31.67972   16.50   15873   161
196.79708   -31.69667   15.70   15493    62
196.82000   -28.51389   17.33   22266   262
196.82042   -34.71333   16.60   38276    88
196.82500   -34.32472   16.50   26202    73
196.83250   -37.46750    0.00   15153    29
196.83375   -36.12667   14.53   15099    75
196.83833   -30.62167   16.00   14926    73
196.85000   -31.12417   18.41   36270    46
196.85792   -30.37278   18.11   22439    88
196.85875   -30.44167   16.20   15617    74
196.87333   -31.45500   16.40   15368    79
196.87500   -30.62194   16.60   15258    94
196.88708   -32.83833   14.24   15419   132
196.89917   -28.80028   18.52   31765    37
196.90292   -34.43278   15.97   18872    37
196.90500   -30.23972   17.17   16919   107
196.92333   -30.88306   18.66   39162    42
196.93583   -37.58667   15.31   15024    60
196.94917   -34.33361   16.10   26249    23
196.95417   -34.55556   16.70   38790    54
196.96958   -30.37306   15.60   15450    86
196.97125   -29.27806   18.21   31960    87
196.97792   -31.77806   16.00   15906    50
196.98333   -29.61556   18.78   35135    27
196.99333   -28.48778   18.11   31823    30
196.99708   -34.94639   16.40   21645   105
197.02083   -32.11750   15.45   15372    33
197.03125   -34.32556   15.69   15174   163
197.04583   -36.20833   15.87   15763   139
197.04625   -28.57361   15.67   32243   105
197.05000   -30.56444   18.58   16928    10
197.05375   -30.16778   15.53   15262    31
197.09250   -29.39472   18.70   30982    98
197.11500   -34.49972    0.00   41984    37
197.11542   -34.42472   15.19   15067    78
197.16167   -34.39778   16.70   37437    27
197.16833   -28.59917   18.44   32380    54
197.20625   -29.31778   18.16   32544    66
197.23542   -34.44444    0.00   26991    67
197.24292   -34.20611    0.00   40254    38
197.24875   -34.36861    0.00   21012    70
197.24917   -34.36889   16.50   20750    72
197.25167   -34.49361   16.60   15339    59
197.25250   -34.47056    0.00   26621    50
197.25792   -34.48056    0.00   15403    57
197.27708   -34.67556   16.50   29120    52
197.31458   -28.71333   18.14   32389    51
197.34583   -34.50194   15.80   23652    26
197.34792   -34.50194    0.00   23640    13
197.35375   -34.23361   16.70   16911    91
197.35458   -29.30139   17.44   14861    97
197.38917   -29.72250   17.34   14948    10
197.39375   -34.68306   15.91   18578    77
197.43208   -35.60917   15.40   28284    52
197.44000   -29.21167   18.00   23714    46
197.44750   -30.87278   18.36   16908    21
197.44833   -32.73583   15.09   21832   130
197.45500   -29.34278   18.62   39497    43
197.45917   -29.51694   18.05   14869    36
197.46125   -34.14944   17.00   26830    60
197.47875   -34.35222    0.00   41337    41
197.47875   -34.35222    0.00   41005    45
197.47875   -29.41194   18.63   39219    54
197.47917   -30.01667   17.09   16639    77
197.50083   -30.44833   18.69   31188    53
197.52208   -31.90250   15.43   15013    75
197.54583   -28.32972   18.39   35627    73
197.58250   -28.64611   18.59   39393    95
197.58583   -29.02111   18.62   39458   185
197.59250   -34.61278   15.77   27522    60
197.60750   -34.80417   16.70   27607    27
197.61000   -34.16333   16.00   22715    37
197.62708   -34.25361   16.60   27186    64
197.62750   -34.25361    0.00   27186    64
197.65583   -29.02000   18.38   32543    62
197.66875   -33.92556   15.10   25552    59
197.67750   -29.10972   18.29   30853    45
197.67750   -30.84083   18.30   35574    78
197.68500   -29.99278   18.74   38941    31
197.70292   -34.42000    0.00   41316    15
197.70292   -34.42000    0.00   41052    19
197.70375   -33.96639   15.72   15113    95
197.71000   -28.70694   18.62   36365    50
197.72625   -34.62028   16.90   29709    42
197.72792   -30.39194   18.62   22539   117
197.74792   -29.97139   18.76   38504    61
197.74875   -35.57056   16.30   14842    41
197.74875   -34.12306   16.60   36672    44
197.75833   -30.96278   18.02   19827    10
197.77708   -32.99222   15.87   43801    44
197.78000   -33.08278   14.39   15899    84
197.81042   -34.09306   15.72   14837    25
197.84083   -34.07944    0.00   29172    73
197.84167   -30.34833   17.88   39861    72
197.85292   -32.32250   15.20   14942    34
197.87333   -28.78500   18.52   31992    39
197.87792   -34.00583   15.80   29873    22
197.87833   -34.30417   16.30   26691    18
197.89000   -34.48556   16.40   29529    36
197.89708   -29.80417   17.78   30573    79
197.91042   -31.92972   15.95   15192    54
197.91250   -34.09889   16.90   30033    30
197.95583   -34.30528   15.82   27235    66
197.97333   -30.26778   18.19   24274    47
197.99125   -34.17472   16.10   30831    45
197.99667   -30.09639   16.60   14873   103
198.00917   -34.54306    0.00   64661    84
198.05667   -33.99389   16.00   23075    29
198.07583   -29.39944   15.70   21146    30
198.07583   -30.76583   17.02   35933    35
198.09333   -35.34333   15.83   23360    77
198.13917   -30.79194   17.75   35947    66
198.14917   -29.46694   16.30   31876    38
198.16708   -28.63861   18.25   18321   138
198.17125   -33.37139   15.75   23141    79
198.17625   -29.73722   16.20   32294    16
198.18208   -34.32500   16.80   37178    90
198.19667   -28.42306   18.23   23431    10
198.20833   -31.35861   17.49   20899    76
198.21667   -33.01972   16.10   14830    89
198.23417   -33.95083   16.70   21052    53
198.24667   -30.51611   18.21   32540    62
198.25667   -34.78000   15.60   15159   154
198.28250   -29.33444   15.70   22650    90
198.28292   -31.57722   18.75   32331    38
198.29167   -30.69639   17.83   23302    53
198.29792   -29.72639   16.90   22392    88
198.31500   -31.01833   18.52   28809   130
198.32208   -28.50639   18.66   38398    82
198.32917   -32.94556   15.75   29991    72
198.37333   -32.99444   16.10   15724    47
198.37792   -30.62167   18.53   35966    57
198.39667   -33.37194   15.99   29645   117
198.40500   -31.34528   15.24   14813    64
198.41583   -32.84361   15.15   15443    22
198.44250   -31.91500   16.20   15471    58
198.45708   -31.95500   18.12   15585    36
198.48542   -32.10333   18.02   34670    73
198.48750   -31.54278   17.80   15699    38
198.48833   -29.53806   16.90   39657    39
198.48958   -33.91806   14.21   15299    49
198.50000   -29.71611    0.00   53621    47
198.51792   -33.88889   15.00   14867     7
198.52417   -29.25500   16.10   23049    47
198.52583   -29.42472   15.90   22479    41
198.52792   -33.84778    0.00   14909   235
198.52833   -33.88556    0.00   14832     6
198.53667   -34.09778    0.00   17000   150
198.53750   -33.81111   16.40   15557     7
198.53958   -31.59389   17.69   31555    42
198.54250   -34.09500   14.63   15355    81
198.60333   -28.70889   18.21   23693   153
198.62750   -29.06750   16.30   23465    34
198.62875   -29.45222   15.50   30196    23
198.63167   -33.68083    0.00   17900   150
198.63833   -33.67306   15.34   17900   100
198.65375   -36.47167    0.00   31928   120
198.65458   -36.46417    0.00   31927   120
198.66875   -30.69889   18.76   36147   101
198.67333   -35.18833   15.50   15054   110
198.67750   -36.70500   16.40   16880    79
198.68833   -29.34417   16.70   22573    42
198.69958   -30.40306   18.78   30509   109
198.71375   -28.88167   18.62   39765    51
198.72000   -32.75750   15.99   30594   115
198.73042   -31.87694   17.50   31467    71
198.74375   -32.75583   15.61   31197    68
198.74500   -30.27250   18.19   21479    40
198.75542   -30.29806   16.30   21360   162
198.78458   -30.42389   18.30   38954    34
198.78500   -30.95056   18.27   29750    53
198.78500   -30.95056   18.27   29750    53
198.82625   -30.56417   18.04   38888    41
198.86208   -31.27778   17.82   31812    25
198.88083   -29.03278   15.90   23282    32
198.88708   -30.33889   18.21   25858    50
198.89125   -31.33694   18.42   31195   159
198.89667   -32.21611   16.50   14997    52
198.90125   -31.75722   16.80   15753    54
198.90292   -29.50500   14.82   16187    46
198.92000   -31.48861   18.69   32782    39
198.92667   -31.42306   18.44   38262    31
198.93917   -29.54556   16.60   38499    23
198.96458   -28.74556   18.04   30333   177
199.00000   -30.17750   17.78   16101    10
199.01292   -36.98222   15.90   31971    88
199.01875   -31.85250   18.76   38378    39
199.04125   -32.88694   14.71   15284    88
199.05583   -30.80500   18.11   25746    61
199.06000   -31.38722   15.71   40199    89
199.07125   -30.72222   18.55   36348    74
199.08000   -31.94250   17.20   15599    43
199.08292   -31.58417   18.07   39184    36
199.10375   -31.85222   17.00   15336    64
199.15667   -30.92389   17.75   30339    72
199.17083   -30.58222   17.76   15297    42
199.20458   -35.79333   15.80   32384   102
199.26833   -30.10444   18.14   30360    67
199.27125   -32.82139   15.90   14940    62
199.31208   -30.74056   17.35   21536    25
199.32333   -31.81528   15.97   14998   126
199.32708   -37.27306   16.00   15579    45
199.33375   -31.39667   17.70   23355    67
199.34500   -30.39944   18.10   29991    50
199.34917   -33.44917   14.26   15334    48
199.35167   -28.51083   18.10   15750    72
199.35917   -33.92667   14.86   15224    73
199.38125   -31.60750   15.83   15632   176
199.38167   -33.72306   16.30   15037    11
199.43167   -32.96778    0.00   15187    52
199.45250   -33.22556   15.93   25689    64
199.50333   -28.60472   17.69   37396    39
199.53667   -36.98361   15.30   14921    28
199.54042   -29.52944   16.70   26097   125
199.58292   -37.31139   15.06   15014    63
199.63167   -33.77028   16.70   31882    15
199.63250   -32.08806   16.40   14973    39
199.64500   -33.25583   15.70   15052    34
199.65167   -28.46194   18.04   37569    90
199.65250   -33.89583   16.60   36459    17
199.66333   -32.40556    0.00   40045    30
199.69250   -31.78028   18.00   15330    46
199.70583   -31.86111   17.20   15654    35
199.72250   -33.97611   15.90   27257    13
199.73042   -31.81750   14.20   15641   103
199.75125   -31.83917   18.30   15874    37
199.75458   -31.86000   18.10   15466    53
199.75875   -32.10722   16.60   17981    47
199.76583   -31.83278   17.90   16073    69
199.77500   -37.06778   15.90   15156    97
199.79625   -37.18139    0.00   15644    20
199.81208   -33.54694   16.50   15109    49
199.81500   -37.21944    0.00   15203    55
199.81917   -30.52056   16.10   21489    48
199.83167   -37.19861    0.00   15236    26
199.83250   -33.30861   15.99   15047    69
199.85708   -32.06167   16.90   16164    32
199.86375   -33.35444   15.94   14960    70
199.87208   -33.51750   14.33   14981    98
199.87625   -30.43722   17.65   27762    37
199.88167   -37.34556   16.99   15478    73
199.89292   -30.48611   18.40   29264    98
199.92042   -30.95694   18.24   17968    40
199.94500   -31.44583   18.30   27600    57
199.94958   -33.22361   16.80   15349    64
199.95625   -30.35056   18.32   34194    79
199.98292   -33.67139    0.00   41472    22
199.98792   -34.29639   15.43   23525   110
200.08667   -28.89389    0.00   15846    56
200.09208   -28.89000    0.00   15490    18
200.11458   -34.32889   15.70   15106   145
200.13375   -30.58194   17.19   23387    71
200.14000   -30.53694   18.48   35016    29
200.14583   -33.36028   16.10   21435   108
200.15208   -34.13250   15.72   23532    69
200.16750   -30.76222   17.56   33082    42
200.17708   -34.93250   15.73   15393    86
200.17708   -33.08750   16.70   36484    16
200.22000   -28.21833   15.97   15326   122
200.22333   -30.20667   17.85   39614    50
200.22375   -31.72833    0.00   16068   120
200.22750   -31.74250   16.87   16249     0
200.22958   -31.74083    0.00   16069   120
200.23125   -31.73306   16.00   15829    72
200.23500   -33.80694   16.60   35215    19
200.23542   -37.27139   15.90   15980    78
200.26375   -32.65278    0.00   47108    38
200.26500   -35.86306   15.85   15927    51
200.26708   -33.05000   15.23   15768    64
200.27542   -35.59972   15.47   15654    85
200.27917   -35.78444   16.10   14919    65
200.28458   -30.57972   18.48   33156    37
200.28708   -35.09917   16.00   15073    98
200.29500   -34.66000    0.00   43873    98
200.31875   -35.19278   15.19   20402    58
200.31958   -33.20028   16.80   21267    45
200.33958   -35.81306   15.42   15373   163
200.35125   -30.39583   18.24   35484    48
200.36042   -30.70778   16.70   25794    66
200.37167   -36.16778   15.02   15345    94
200.38375   -35.79472    0.00   15156    78
200.41708   -34.43278    0.00   41413    52
200.41833   -34.93778   15.19   15222   196
200.43000   -29.65167   17.71   23289    81
200.43750   -31.05028   16.40   15071    65
200.46125   -33.87500   15.83   35049   132
200.47167   -30.04000   18.43   17154    20
200.48167   -30.65083   18.31   33141    35
200.48208   -34.61028   15.60   16055   157
200.49083   -35.75472   15.62   16535    91
200.50708   -29.94833   17.84   34945    37
200.50958   -30.10472   17.36   14800    76
200.51167   -31.62000   16.80   15217    42
200.54500   -34.79778   15.54   15664   126
200.56833   -34.62000   15.59   15667   127
200.57042   -34.48667   16.80   15650    32
200.59292   -30.22222   18.10   33261    58
200.60250   -32.98083   18.10   39984    34
200.64000   -29.30750   18.17   23032    90
200.65792   -30.42028   17.77   25741    32
200.66917   -31.64306   17.28   27093    27
200.67083   -31.67639   16.77   14954    21
200.68542   -28.74500   16.40   31372    26
200.68667   -29.63611   18.22   38377    83
200.69583   -33.44833    0.00   17450   100
200.72000   -31.49972   18.30   27196    35
200.72333   -29.57889   16.30   25053   108
200.73667   -31.62278   16.42   14799    21
200.73792   -31.54861   18.01   27195    33
200.74250   -34.98333   16.10   19317    74
200.74250   -34.98333   16.10   19317    74
200.76292   -34.98528   15.00   16498    84
200.76667   -29.12833   16.30   23152    24
200.76958   -31.52889   18.82   27265   180
200.77542   -31.73472    0.00   15259    32
200.81208   -37.12333   17.40   18592     0
200.83250   -31.40500   19.08   16480     7
200.83375   -36.74083   17.50   38031    47
200.83750   -29.70750   17.77   25798    61
200.85750   -36.90222    0.00   43213    32
200.87792   -31.82639   17.60   14993    17
200.88292   -31.85528   17.90   15115    18
200.89167   -34.42417   14.90   14998    42
200.89500   -34.51278    0.00   25864   300
200.89792   -31.86667   18.72   14900    64
200.92042   -31.69917   19.02   16443    74
200.92083   -29.55667   18.68   22351    15
200.92958   -34.46000   15.45   15426   126
200.93333   -31.68194    0.00   14812    26
200.93833   -31.70750   15.92   15170    63
200.95042   -31.83167   18.86   15074    51
200.95917   -34.99361   16.30   31218    59
200.96500   -29.36139   16.90   22990    47
200.96708   -31.64500   18.78   15066    27
200.97125   -31.66111   18.09   15256    18
200.97625   -32.18222   14.91   15249   107
200.98750   -37.22944   17.40   34496    14
200.98875   -31.63833   17.74   14875    18
200.98875   -31.65722   18.29   15013    23
200.99000   -31.64639   15.72   15054    14
200.99083   -28.70528   16.90   34412    36
200.99667   -35.15056   16.20   16298    52
200.99958   -31.47250   16.66   15190    53
201.01125   -28.56833   15.60   15558    45
201.01708   -30.37750    0.00   26754    24
201.02042   -29.07111   16.60   35037    31
201.02042   -31.79667   18.74   15125    64
201.02125   -31.68194   17.53   15407    75
201.02583   -31.71861   18.02   15206    17
201.02750   -31.68722   18.25   14952    95
201.03625   -31.73306   17.00   15510    41
201.05833   -34.61278   16.30   14889    75
201.07792   -31.84222   18.10   16109    51
201.09000   -28.99167    0.00   45593    49
201.09083   -31.71528   18.17   15286    51
201.09458   -36.08750   16.00   15224    86
201.10417   -34.81861   17.00   36591    48
201.11000   -29.21167   17.00   32053    24
201.11042   -31.86472   17.43   14978    62
201.11375   -31.81278   17.79   14966    60
201.12292   -33.97639   15.35   14827    87
201.12500   -34.63083   15.20   14835    54
201.12500   -34.63083   15.20   14835    54
201.13250   -35.03611   16.90   30651    54
201.14000   -34.73250   15.40   28855    32
201.14000   -36.92056   16.50   19760    81
201.14375   -34.95472   16.80   30714    95
201.14917   -37.11500   15.90   28671    22
201.15125   -31.79472   19.39   35322   122
201.18917   -28.66972   15.50   34694    11
201.19042   -36.85167    0.00   55833    69
201.19125   -34.30639   16.10   15064    24
201.19292   -31.74611   18.24   15437   137
201.19458   -31.67611   18.23   35135    42
201.20167   -30.05944    0.00   27303    33
201.20208   -30.53639   17.73   27348    39
201.21167   -28.87139   16.70   23330    38
201.22000   -30.60806   18.53   27234    34
201.22083   -31.69750   18.15   35038    44
201.23000   -28.88778   16.40   23405    61
201.23167   -29.88278   18.60   32789    90
201.23250   -30.74778   17.57   27310    35
201.23292   -31.04056   17.91   15658   101
201.26292   -29.28333   16.30   22360    45
201.26875   -29.05611   16.80   23300    31
201.26958   -31.70750   18.77   35094    58
201.29208   -33.91139   15.94   27194   132
201.29750   -31.53222   19.24   22709    65
201.30917   -37.36083   16.80   35053    98
201.30958   -28.95528   16.10   23097    19
201.33583   -30.53611    0.00   27458    29
201.35458   -37.27667   16.90   19719    23
201.38625   -31.49306   18.08   17165    90
201.39542   -29.24111   15.40   23091    33
201.40833   -36.58889   15.34   15208    42
201.42292   -36.77972   16.20   19746    46
201.43833   -29.07972   16.50   23135    38
201.46292   -31.99417   16.85   14847    35
201.46750   -37.29611   16.00   18917    64
201.47833   -31.91389   18.11   15809    68
201.48750   -35.84306    0.00   15259   120
201.49958   -35.85139    0.00   15259   120
201.55000   -36.66583   15.50   19369    17
201.55417   -37.02778   16.80   20187    69
201.55583   -36.90222   16.60   28940    24
201.56167   -37.04556   15.98   19958   150
201.57208   -31.64611   17.80   39810    37
201.58958   -36.74944   16.70   23339   120
201.61042   -31.56944   18.78   34921    18
201.61083   -31.92583   18.37   14911   154
201.64042   -31.94889   17.57   15217   192
201.65417   -31.00639   18.08   15692    10
201.68792   -31.32111   19.15   14831    60
201.70708   -31.39583   15.79   15190    11
201.71583   -31.68611   17.96   15121   178
201.71875   -31.84083   17.52   14934    30
201.72750   -37.05333   17.20   15438    24
201.72875   -34.17750   15.89   14909    34
201.74292   -29.49556   16.93   32893    84
201.74375   -32.24806   18.13   16589    97
201.74542   -37.32194   16.30   34590    49
201.75125   -31.35139   17.87   14999    43
201.76042   -31.37444   18.69   34668   115
201.76125   -29.49806   16.79   33711    72
201.76375   -31.87306   17.38   15479    59
201.76458   -31.22528   14.92   16332   122
201.76500   -32.27361   18.49   16425    57
201.76792   -31.33556   17.39   14986    68
201.77042   -29.46667   16.55   33229    53
201.77750   -31.86111   16.63   15246    50
201.78042   -32.00361   18.25   15798    10
201.78333   -31.52889   18.54   37047    75
201.78708   -31.35667   17.57   14905    67
201.78875   -31.54444   18.85   15436    65
201.78958   -31.63889   15.97   14948    54
201.79083   -31.45694   19.33   39357   103
201.79417   -33.80222   16.50   15034    42
201.80875   -31.63917   17.87   17238    32
201.82042   -37.13833   15.30   15314    35
201.82750   -31.85278   19.63   15568   103
201.83083   -31.90389   18.92   37199    28
201.85292   -31.67861   17.40   14971    80
201.88042   -31.48278   19.30   15818   173
201.88083   -31.59250   17.85   15793    66
201.88417   -31.37806   18.70   15331    64
201.88792   -31.54917   18.85   15257    49
201.88917   -29.29111   15.57   33217    57
201.88958   -31.42417   17.78   15022    51
201.89625   -31.26167   16.11   15073    51
201.90292   -31.49972   19.52   15523    57
201.90750   -31.66556   19.33   15149    89
201.91208   -29.35778   16.56   23174    55
201.91583   -31.45778   18.62   16572    38
201.94167   -31.28833    0.00   38251   100
201.94833   -31.51611   18.84   15674    53
201.94958   -31.23333   16.85   15428     8
201.95208   -31.47944   16.89   15728    24
201.95250   -31.49667    0.00   16109    80
201.95292   -31.49694   18.62   16061    54
201.95333   -34.00222   15.60   15014    23
201.95625   -31.46694   17.72   15166    27
201.96125   -31.54500    0.00   15438   100
201.96458   -31.94972   17.55   15152    63
201.96458   -31.54444   18.39   15438    40
201.97125   -31.49333   16.97   14804    40
201.97792   -31.53833    0.00   15570    43
201.97833   -31.53806    0.00   15507    54
201.97833   -31.13139   16.79   15445    57
201.97875   -31.53861   15.54   15481    20
201.97917   -31.59194   18.58   14802    41
201.98458   -31.48639   17.71   15463    40
201.98875   -31.65417   17.76   15212    73
201.99583   -31.48667   16.51   16586    24
201.99625   -31.48639    0.00   16770    44
202.00125   -29.39917   16.67   33561   102
202.00333   -31.64806   19.16   15089    88
202.00333   -31.30972   19.37   23166    47
202.00417   -31.80250   17.64   15003    26
202.00708   -31.28750   18.34   15091    93
202.00750   -31.59278   17.68   14925    21
202.00792   -31.71750   19.11   24022    50
202.00875   -31.76944   15.97   15590    96
202.00917   -31.27917   18.75   23071    14
202.00958   -31.57917   17.12   14972    21
202.01250   -29.38583   16.72   34437    96
202.01375   -31.76278   18.54   23681     6
202.01458   -30.68083   17.76   14996    55
202.01542   -31.50444   17.73   15371    39
202.03292   -32.14611   16.79   21712    44
202.03500   -29.26222   16.68   33462    90
202.04125   -31.58556   18.53   38755    39
202.04333   -31.34917   17.07   15690   155
202.05958   -29.30167   17.24   34338    93
202.06000   -29.22028   16.28   33912    93
202.06458   -29.48972   16.75   34047    87
202.07333   -31.60556   18.78   15122    51
202.08000   -31.56417   16.10   15102    24
202.08250   -31.62306   19.30   14883    84
202.08500   -30.93583   17.30   15885    10
202.09708   -31.75833   18.30   15135    27
202.09708   -32.11528   18.64   21934   137
202.09917   -29.32667   17.04   24500    80
202.10750   -31.50528   17.93   16125    40
202.11500   -31.80528   17.53   15219    33
202.11958   -30.64083   18.52   37888    30
202.12167   -31.13194   17.07   16130    55
202.12583   -31.77917   19.19   38525    48
202.12667   -30.78222   18.42   37905    36
202.13417   -33.99722   15.86   24960    71
202.16125   -31.34694   15.88   15625    51
202.16375   -31.61278   17.34   22770    44
202.16875   -31.65222   17.37   14961    26
202.17542   -31.17278   19.14   38969    57
202.17958   -31.64472   16.84   16165    20
202.18542   -30.56917   18.76   38859    93
202.19375   -30.95222   18.74   36656    72
202.19458   -31.50861   18.11   15932    77
202.19917   -30.35667   18.20   27081    36
202.20042   -31.09222   17.14   15908    36
202.20625   -31.57639   16.01   15660    21
202.21208   -32.13139   16.52   15073   108
202.22583   -31.48833   16.34   15940    16
202.22583   -31.94028   18.79   15473    63
202.23833   -31.81944   16.36   15532    33
202.24125   -31.86000   17.28   16532    35
202.25208   -31.30278   18.03   15230    49
202.25583   -31.83000    0.00   14826    22
202.25583   -31.72722    0.00   22958    79
202.25667   -31.72722   17.68   22934    66
202.25750   -31.83222   17.07   15380    37
202.26667   -29.38972   15.54   23251    69
202.26792   -31.79806   17.18   15411    10
202.27458   -31.17611   17.95   16010    68
202.27667   -31.42750   19.21   14805   143
202.27708   -31.32167   17.90   15776   147
202.27958   -29.23389    0.00   32977     0
202.29208   -31.56667   18.07   16179    21
202.29458   -31.56417    0.00   16421   100
202.30167   -31.83444   18.74   16578    89
202.30625   -31.62639   18.26   15994    57
202.30958   -31.74583   17.17   16278    50
202.31583   -31.56917   17.86   22020    50
202.31667   -32.27722   18.95   38646    89
202.32250   -31.34972   19.52   15402    95
202.33125   -31.45417   17.79   15061    54
202.33375   -31.27750   17.52   15978    92
202.33625   -31.54028   16.24   15175    48
202.33625   -31.43528   17.78   15280    51
202.33667   -31.57917   17.65   15319    51
202.33917   -31.27167   18.04   15667    64
202.34667   -31.40028   17.11   15010    48
202.35125   -31.37750   16.83   14986    48
202.35333   -32.68278   16.00   15026    40
202.35625   -31.32889   19.64   15059   148
202.35750   -30.41306   16.10   15140    90
202.36583   -31.80889   18.44   15186    69
202.36792   -31.55111   14.03   15430    87
202.38083   -31.62472   17.80   15135    51
202.38708   -31.40833   17.50   16036    54
202.39250   -31.29361   17.66   14986    54
202.43417   -29.29778   16.64   22946    93
202.43708   -31.07750   17.81   14935    49
202.43792   -32.87278   15.96   16678    54
202.44875   -31.60667   16.00   15119    29
202.44958   -31.31306   15.63   15900    50
202.45125   -31.26611   16.56   16099    50
202.46167   -31.74167   18.26   15055    27
202.46625   -29.60028   15.80   15045    35
202.47500   -31.10639   18.07   34257    76
202.47917   -31.33222   15.64   14815    45
202.48375   -30.49278   18.45   27398   133
202.48625   -31.72417   17.80   15286    30
202.48958   -31.18556   15.13   16628    35
202.49208   -31.73611   17.67   16672    66
202.49292   -31.18472   17.92   16614    70
202.49958   -31.82694   18.84   15490    80
202.50500   -31.66028   19.46   15258    79
202.50833   -31.16194   18.02   15887   105
202.50833   -32.25556   18.12   14936    68
202.51167   -31.94028   18.47   14855    70
202.51333   -31.32444   19.48   16661    81
202.52167   -31.23139   17.53   15943    10
202.52292   -31.60194   18.12   15067    20
202.52500   -34.35278   15.66   21441    89
202.52583   -29.68139   16.38   34641    75
202.52875   -31.63694   18.49   15256    27
202.53292   -32.80778    0.00   15840    90
202.53333   -28.62167   18.76   34699    82
202.54375   -31.53750   19.51   14915    80
202.54917   -31.42278   17.98   15783    55
202.55292   -32.80611   14.33   15666    78
202.55667   -31.60889   18.32   15563    27
202.55792   -29.20528   17.03   23402    72
202.55833   -31.51639   18.42   15574    67
202.56667   -30.60472   17.03   15319    29
202.56792   -31.49056   17.88   15019    51
202.57208   -31.53639   18.77   15232    67
202.58083   -31.42556   18.26   15425    10
202.59042   -31.89750   17.73   15521    33
202.60583   -34.67472   16.29   21510    58
202.62000   -31.62833   18.27   15172    26
202.62583   -34.62111   15.95   21467    84
202.63083   -30.32500   18.01   37319    61
202.63417   -31.77083   18.96   37795   136
202.63583   -29.36917   16.96   22247    72
202.63917   -31.35333   19.50   16823   101
202.63958   -31.73750   19.27   15266    60
202.64208   -31.52833   17.29   15299    23
202.66833   -31.77000   17.53   15458    20
202.66875   -31.70917   18.71   15489    60
202.67208   -31.57111   17.24   15524    69
202.67333   -31.57222   15.80   15323    24
202.67500   -31.57250   14.03   15496    66
202.67500   -31.57500   17.45   15215    42
202.67750   -31.06889   17.30   15795    90
202.68667   -31.85750   17.09   15252    27
202.70417   -31.30972   19.40   22919    19
202.70583   -29.59278   16.31   21702    78
202.72083   -31.60944   17.49   15097    51
202.72833   -31.26528   16.95   15225    56
202.72833   -31.57306   17.24   15209    35
202.73500   -31.61083   17.90   15389    27
202.73833   -29.50750   16.43   29748    90
202.74042   -31.82250   17.16   15658    20
202.75583   -32.62167   15.68   15986    64
202.75917   -31.38472   17.79   15358    54
202.76542   -31.76611   16.87   15310    27
202.77375   -30.94278   17.47   15781    34
202.78667   -30.67917   17.94   26782    35
202.78708   -33.21611   16.74   15589   600
202.79542   -31.79000   19.51   15467    77
202.80833   -31.80250   17.27   14968    29
202.81417   -31.19806   17.05   15544    54
202.82500   -31.86639   17.12   14794    48
202.82792   -31.49694   18.37   15988    48
202.83000   -31.02889   18.89   39256   171
202.83125   -31.22889   15.98   15710    51
202.83375   -32.74056    0.00   16458   120
202.83792   -30.76528   17.69   22825    31
202.84750   -33.89778   15.58   22089    90
202.85000   -32.74306   16.20   16459   120
202.86792   -31.88028   19.32   38423    17
202.87125   -31.60111   18.60   15317    38
202.87833   -31.68556   17.54   15075    27
202.88000   -32.93667   15.48   15479    40
202.90208   -29.26250   16.30   14845    44
202.90792   -30.51750   17.75   15003   102
202.91583   -33.24278   14.43   16554    40
202.93167   -33.19611   15.84   15449    35
202.96417   -36.95556   15.35   14996    97
202.96417   -31.60528   18.56   15149    78
202.96458   -33.19500   15.35   14852    40
202.97792   -31.77222   16.20   14829    29
202.98167   -31.02861   17.93   15235    55
202.98458   -31.14806   18.94   15316    10
202.99750   -30.71611   18.31   15176   102
203.00083   -36.30972   15.33   20282    59
203.03375   -33.01028   14.65   14807    38
203.03833   -31.05750   17.02   15729    72
203.04375   -32.92972   15.09   14801    49
203.06333   -33.37778   14.71   15243    81
203.08000   -32.92028   15.20   15703    29
203.08000   -32.92028   15.20   15703    29
203.08417   -33.15250   15.19   14868    26
203.10750   -31.33806   19.09   14919    74
203.11333   -37.51333   14.96   15295    29
203.11750   -31.42722   18.68   27119   205
203.12042   -31.61444   17.56   15133    45
203.12208   -31.10528   18.86   30796   110
203.13750   -31.70417   17.53   15196    45
203.14292   -37.29333   15.58   15687   101
203.14458   -31.84833   17.05   15511    57
203.14667   -31.52944   17.30   15193    34
203.15333   -33.11500   15.09   15410    29
203.15583   -31.74000   18.38   15444    63
203.15625   -33.11444    0.00   15309    25
203.17167   -35.15417   15.23   15122    39
203.21583   -31.57778   18.54   15674    99
203.21750   -34.71833   15.47   36879    77
203.21792   -28.63167   17.24   34811    29
203.21792   -31.34194   18.62   16546    67
203.22958   -33.17028   15.19   15698    50
203.24375   -33.11500   15.66   15127    30
203.25625   -33.10028   14.62   14951    53
203.27375   -33.30111   15.65   14838   115
203.27917   -37.49972   15.79   15164    67
203.29167   -30.34056   17.90   24342    23
203.30500   -30.62722   18.38   33162    66
203.31875   -31.72833   19.00   22007    53
203.34083   -31.08667   18.48   33108    63
203.34458   -31.55278   18.73   16122   152
203.35583   -33.94917   15.99   22010   143
203.36625   -31.68722   18.66   15057    81
203.38292   -31.61111   17.25   15567    51
203.38542   -30.20028   17.10   14832    76
203.38708   -31.52194   18.92   15092   257
203.39750   -31.47361   14.97   15201    74
203.39833   -33.08750    0.00   25752   210
203.40458   -31.64111   17.16   15109    45
203.42542   -31.54333   16.74   15290    44
203.42583   -31.53722   16.95   15150    50
203.43708   -36.12250   15.84   14951    63
203.44000   -35.40556   15.92   15377   147
203.44083   -33.16861   15.10   15355    27
203.44375   -33.20528   16.12   14957    37
203.45417   -36.96917   16.60   18114    81
203.45833   -31.72111   16.58   16227    35
203.46375   -31.73778   18.02   16137    51
203.47292   -35.38361   15.88   21640    89
203.47458   -33.36278   15.26   14999    41
203.48125   -30.70806   19.34   22400    77
203.50667   -30.82417   18.50   37269    67
203.51125   -31.58722   17.50   16233    57
203.52000   -31.91361   18.33   15940   135
203.53083   -31.48917   15.86   14842    89
203.53375   -31.79306   18.57   15335   293
203.54292   -32.35861   19.52   29502     5
203.54833   -35.06722   15.28   14917    69
203.55250   -32.97722   14.43   15177    70
203.55833   -29.24139   13.46   14850    89
203.58000   -35.29083   14.73   14976    60
203.58083   -28.87611   17.25   22656    37
203.59667   -31.73528   14.89   16271    85
203.60167   -35.23139   16.40   15040   116
203.60208   -28.68639   18.33   34534    59
203.61625   -34.67306   15.22   14848    49
203.62333   -35.18806   15.91   14915     9
203.62708   -32.97306   15.48   14946    34
203.66083   -28.59333   18.49   35852    29
203.66625   -31.54833   17.63   16490    40
203.67708   -35.15528   16.60   14797    84
203.67875   -30.43417   17.46   15132    82
203.69042   -35.23139   15.35   16579    20
203.69958   -33.14722   14.51   15452    36
203.70000   -31.70694   19.11   16481    54
203.70042   -31.67944   19.05   14989    79
203.70625   -33.07889   15.34   15149    30
203.71417   -36.52139   16.00   14909    77
203.71583   -35.16528    0.00   15180    76
203.71833   -35.16083    0.00   15172    48
203.72000   -35.15833    0.00   15168    69
203.72792   -35.54889   15.53   14931    83
203.73708   -31.74556   17.64   15076    45
203.73792   -35.14278   17.02   15056     9
203.73917   -31.60111   16.51   15610    26
203.74375   -35.48889    0.00   15720   100
203.74375   -31.61611   16.31   16278    54
203.74417   -35.49861   15.70   15803    24
203.76250   -31.65528   15.89   15205    45
203.77208   -31.66194   18.21   15367    44
203.77375   -31.60278   18.78   14855    33
203.77750   -31.79639   18.90   15577   114
203.78083   -36.63944   15.96   15278    15
203.78875   -30.19972   18.25   35140   100
203.80208   -32.11528   19.02   25701    14
203.82667   -31.42611   14.86   14845    86
203.83292   -30.31611   17.42   22488    10
203.84333   -31.95167   18.04   14904    15
203.84417   -30.82306   19.22   39636    53
203.85125   -32.33500   19.86   24494   181
203.85375   -29.83861    0.00   76746   300
203.88208   -32.13333   19.47   32793   108
203.89917   -31.96222   18.12   14986   109
203.93125   -31.90722   17.63   26012    75
203.94500   -35.57056   14.42   15438    54
203.96917   -30.79056   18.20   22514    58
203.99500   -31.81278   18.04   24988    91
204.02500   -28.43583   18.37   35100    29
204.12083   -33.09222   15.46   15688   105
204.12167   -28.46333   18.21   35020    41
204.12625   -28.58028   17.77   35723    36
204.15833   -30.51472   17.40   22269   111
204.18333   -35.34278   15.86   16099    82
204.22125   -31.72944   17.65   26340    83
204.22458   -36.57083   15.63   17625    73
204.25417   -28.53361   15.90   15262    98
204.25583   -34.17111   15.01   21348    35
204.28042   -31.31250   16.00   15529   108
204.28042   -31.31250   16.00   15529   108
204.29250   -31.75361   18.08   15444    93
204.32042   -31.04528   16.60   15476   109
204.33750   -34.89028   15.50   29247   103
204.36458   -30.04111   16.42   14990   899
204.38500   -35.33833   16.40   15740    35
204.38583   -34.65861   15.20   17503    30
204.40625   -34.53250   15.67   22108    68
204.43042   -35.49556   16.00   15162    89
204.44875   -36.23222   15.09   15316    57
204.44958   -35.28444   15.20   16281    50
204.45042   -35.50139    0.00   15268    24
204.45333   -30.69000   16.50   15289     0
204.46125   -31.97083    0.00   15319   120
204.46875   -35.64083   14.68   15695    71
204.48458   -31.97222   16.30   15319   120
204.49542   -31.73583    0.00   24582     0
204.50292   -33.98694   15.82   37229    51
204.50375   -31.73250   19.00   24583   899
204.53250   -35.62722    0.00   29548    34
204.53375   -35.06222   15.47   15162    92
204.53792   -35.37944   16.18   15403     9
204.60500   -35.64306   16.24   15500     8
204.60792   -35.63139   15.20   16000    52
204.61042   -35.46750    0.00   18973    24
204.65042   -35.72167   15.40   15455    35
204.66250   -32.25361    0.00   30660   150
204.66667   -33.51833   14.94   22237    66
204.66792   -32.26944    0.00   30639   120
204.68750   -35.13611   16.00   15380    68
204.69375   -35.51444   15.24   15851     9
204.72750   -35.62583   15.38   15496     9
204.73958   -35.46556   14.84   15803   139
204.74083   -35.53333    0.00   32735   302
204.74083   -35.62472   15.50   15223    89
204.74125   -35.55972   16.30   15134    32
204.74208   -35.53500    0.00   15382    34
204.74292   -35.53500    0.00   32685   100
204.74958   -32.60111   14.76   16298    77
204.76250   -35.54889   15.90   15576    55
204.78375   -35.79472   15.20   29548    34
204.79167   -31.01000   15.38   22962   106
204.79292   -36.91528   15.30   15741    44
204.79458   -34.04306   15.75   21245    28
204.79875   -35.60444   16.10   16029   162
204.79917   -35.33556   16.10   15375    15
204.84125   -35.72028   16.21   15943    10
204.85833   -35.46694   15.47   19147    68
204.86042   -36.34333   15.50   36756   104
204.87667   -35.72944   15.30   15950    13
204.87958   -35.67361   15.99   16009    51
204.90250   -34.01833   15.13   15268    76
204.90375   -35.66833   15.19   15791    78
204.92708   -35.81417   15.32   15047    43
204.93167   -35.94528   15.49   29346    77
204.93917   -36.44417   16.30   36607    47
204.95125   -33.65528   14.54   15381    43
204.95167   -33.08389   15.43   15345   135
205.00083   -35.83583   15.40   29696    10
205.00292   -29.75361   16.50   22487    83
205.03125   -35.64639   16.50   15445    76
205.05292   -35.67500   15.70   15638    52
205.05750   -33.92750   14.67   15088    31
205.07000   -30.41389   15.37   15199    76
205.09292   -35.18944   15.20   16421    39
205.11458   -35.77417   15.20   15764    47
205.12250   -31.51861   16.50   15056    71
205.12625   -33.98833   15.91   14867    61
205.13208   -33.99083    0.00   14916    30
205.13458   -33.99222   14.95   14928    35
205.14042   -35.67389   15.54   15641    57
205.15875   -33.99083   14.32   14845    27
205.18292   -37.03472   14.24   21697    77
205.20458   -35.91944   16.30   15858    66
205.21875   -34.13667   15.99   15579    30
205.22625   -33.67583   15.47   15167    66
205.24708   -36.46361   16.40   21921   112
205.25417   -35.78111   16.20   15663    64
205.27208   -34.37278   15.57   15485    98
205.28708   -36.11750   16.60   15392   149
205.31750   -35.65500   14.38   15068    85
205.33083   -34.37361   15.40   16005    27
205.36333   -34.36917   15.08   16013    27
205.38000   -32.69417   16.30   15452    52
205.38417   -33.93972   17.13   15288    32
205.38667   -34.38139   15.56   16973    66
205.38958   -33.93944   15.39   15161    48
205.39500   -30.56278   15.39   15595    73
205.40917   -34.12028   15.60   14911   111
205.42000   -34.43278   14.49   15841    44
205.47083   -35.19194   15.07   29928    49
205.65250   -34.87778   15.82   26968    47
205.70792   -36.17250   15.64   21887   155
205.73208   -34.97139   15.07   16170    50
205.74708   -33.96861   15.85   15096    30
205.75958   -33.29639   16.30   16281    73
205.82167   -29.88833   16.30   23277    51
205.83167   -34.11056   15.60   15073    40
205.84000   -36.32278   15.18   24883   122
205.87417   -29.82250   15.50   23270    72
205.89083   -36.22944   15.60   17312    69
205.89125   -34.78111   15.08   17030    72
205.93750   -29.87250   16.40   23123    49
206.17500   -34.01417   14.67   15271    23
206.18208   -35.43389   15.45   37694    72
206.23125   -31.38889   14.30   14999    42
206.24625   -34.28278   15.36   15200    43
206.26208   -35.23333   15.67   17045    66
206.26542   -31.66889    0.00   42870   600
206.33958   -32.81833   16.60   17003    81
206.35708   -29.85083   15.91   14846    74
206.38875   -35.26944   15.79   17237    50
206.39792   -31.89333   15.85   23564    46
206.40417   -30.78667   15.14   22436    72
206.41917   -30.85222   15.47   40196    74
206.42292   -35.35972   15.68   17363    38
206.45667   -34.03167   15.10   15058    33
206.48333   -32.22889   15.57   15174    74
206.50458   -37.33306    0.00   15731     4
206.50583   -33.74417   14.32   24838    61
206.54792   -34.49722   15.67   24806    35
206.61792   -28.01639   15.74   24039   109
206.65417   -32.38639   15.51   15259    55
206.84500   -33.60306   15.38   16117    48
207.00583   -32.65111    0.00   15350    45
207.00917   -33.45083   16.60   15174    18
207.02667   -33.46333   15.85   14889    51
207.04750   -33.38222   15.70   15499     0
207.06292   -30.18194    0.00   38790   100
207.07500   -32.15306   15.68   29272    73
207.08083   -30.19944    0.00   38823     0
207.10917   -34.83278   16.40   17193    62
207.13750   -35.68583   15.90   30107    78
207.15042   -28.60528   16.70   14808    90
207.17833   -34.65694   15.29   27740    73
207.17833   -28.56444   15.76   28728    72
207.24125   -28.42944   16.30   15265    69
207.34833   -28.91889   15.85   14997    70
207.41542   -29.34861   15.12   15212    55
207.43542   -30.13889   14.71   22419    58
207.45167   -34.86083   16.30   15380    69
207.46417   -35.48306   15.60   28576   122
207.47333   -33.28972   15.78   16129    67
207.47667   -30.45222   16.50   23365    75
207.50042   -36.76361   15.22   30091    89
207.52333   -33.18083    0.00   17700   150
207.53792   -33.19028   17.43   17688   120
207.56417   -30.33583   15.80   22737   103
207.67333   -33.61583   16.60   16781   114
207.74625   -27.88694   15.99   15688    30
207.76083   -30.94972   15.08   14853    71
207.76250   -34.93972   16.40   15176   119
207.76875   -36.08361   15.46   22610    95
207.81042   -31.76528   15.62   15593    69
207.83542   -31.83722   15.01   15438    66
207.83917   -33.20000   15.90   16139    52
207.88208   -32.01917   15.77   29299   114
207.92375   -30.27139   15.96   22321    60
207.98208   -30.05889   15.60   22269    76
208.08958   -32.74444    0.00   67679    49
208.10500   -32.93556   16.40   30657    54
208.10750   -35.82611   13.98   21934    66
208.12750   -27.93972   14.63   14854    54
208.15250   -27.87139   16.10   22377    49
208.15583   -28.03556   15.30   15393    85
208.19083   -30.30306   16.41   22192    47
208.20042   -28.20167    0.00   33821    54
208.20042   -28.21000   16.50   33821    54
208.20250   -31.76500   16.70   15453    43
208.20917   -32.40417   15.30   21367    36
208.20917   -32.40417   15.30   21367    36
208.23250   -33.10667   16.60   22757    98
208.23625   -27.90972   15.84   14988    94
208.29208   -28.03667   18.10   31178     0
208.29333   -33.03528   16.40   38920    19
208.30333   -30.42528   15.76   21992   124
208.34125   -29.39278   15.58   14887    50
208.34250   -32.06444   16.60   21543    90
208.36625   -27.97444   15.68   15835    93
208.37125   -27.51194   16.10   15349    92
208.37625   -27.80472   15.90   15528    26
208.40250   -30.34250   16.50   21935    77
208.43083   -29.48222   16.50   23300    88
208.48500   -28.10583   16.50   29242    64
208.48750   -27.93583   15.10   15025    25
208.50083   -31.08306   15.29   15011    56
208.51292   -27.88389   16.40   26381    82
208.51625   -27.86139   15.91   15408   117
208.52083   -27.78694   15.10   14871    28
208.52875   -35.58000   16.00   14857    54
208.56083   -27.84778   14.80   14848    83
208.57333   -30.30222   14.82   21993    68
208.57542   -36.92361   13.43   15204    83
208.57792   -34.74528   14.71   14923    24
208.60917   -27.87278   14.86   15931    76
208.61458   -28.04722   15.80   15341    38
208.66167   -27.93028   15.10   14816    52
208.67500   -32.52472   15.52   23230   126
208.69917   -29.90944   15.53   21816    63
208.73375   -31.82583   15.88   14936    58
208.82542   -32.21139   15.91   21456    53
208.85167   -31.30583   15.88   22978    71
209.02292   -34.35306    0.00   66810   150
209.03042   -34.07750    0.00   15360   100
209.03042   -28.32694   15.96   30343   118
209.03292   -34.08944    0.00   15349   120
209.03917   -27.92139   16.20   14819    43
209.04167   -27.80944   15.90   15156    42
209.05458   -27.74944   15.10   15123    32
209.08875   -35.18000   15.29   18901    93
209.19000   -31.58556   16.00   24209    93
209.20625   -35.56611   14.20   26685   100
209.32208   -33.39639   15.14   27528    40
209.34583   -31.24250   15.85   22480    84
209.36500   -33.07833   16.22   27843    59
209.43375   -34.72667    0.00   22620   150
209.43958   -34.74000   16.51   22604   120
209.47458   -31.94306    0.00   56730   100
209.48208   -35.91083   16.70   29544   126
209.73833   -34.40806   15.21   53089    75
209.80708   -35.26389   16.10   14910   206
209.84792   -35.77000   16.50   15005   127
209.89167   -32.06833   15.54   15231    33
209.89708   -30.90889    0.00   15510   150
209.90292   -30.91778   14.41   15574    51
209.90417   -31.03083   14.50   22042    58
209.91833   -31.03139   16.20   21078   100
209.92208   -29.28722   15.87   15129    92
209.97458   -31.14861   15.71   27343    56
209.98750   -28.11389   15.92   34600   124
209.99333   -28.39528   15.09   14855    99
210.00208   -29.09056   15.63   16506    29
210.08292   -35.78250   15.39   23394    80
210.08625   -36.03056   13.48   18696    77
210.13292   -32.60111   16.00   18065    73
210.19833   -31.52611   15.80   24726    64
210.20208   -30.50306   15.80   20626    94
210.23042   -28.38472   15.86   15124    78
210.27333   -30.95194    0.00   15529   120
210.27333   -30.94111    0.00   15540   150
210.27917   -36.00528   14.91   16903   145
210.30125   -31.46000   15.51   24495    76
210.33583   -31.95472   15.50   15087   148
210.40375   -29.65139   15.40   28459    89
210.41583   -29.94722   15.59   21966    48
210.43292   -36.28583   15.64   15400    73
210.45958   -29.69722   15.74   28139   153
210.47333   -30.33861   15.77   15854    67
210.48458   -30.13389   15.77   20020    78
210.49667   -33.84750   16.60   15647    98
210.51208   -29.71361   15.92   29164   126
210.51708   -32.21583   16.60   14933   102
210.52250   -34.45667   16.11   19629    61
210.53250   -35.41833   16.60   21566    95
210.53875   -32.46889   14.89   20993   118
210.57542   -28.48889   15.81   16976   113
210.59542   -29.05000   15.14   22158    90
210.64833   -28.74861   15.74   21358    79
210.64917   -31.24972   15.23   19205    98
210.71083   -37.04000   14.40   19169    66
210.75000   -27.94000   16.70   21556    49
210.81167   -32.18306   14.79   16985    41
210.88750   -27.57861   16.60   15345    63
210.96417   -31.58639   16.10   15340    82
211.02708   -35.17083   16.94   21672    56
211.08208   -29.77528   16.40   21301    41
211.13583   -34.30472   14.80   15930   106
211.25875   -31.90472   16.50   27671    90
211.29125   -35.98083   14.00   19012    65
211.51333   -31.46306   15.70   15900    41
211.58208   -29.68861   16.50   21508   108
211.64042   -33.59139   16.75   15647    21
211.64125   -33.58722   15.85   15816    37
211.67917   -32.01583   16.05   17046    91
211.71583   -30.39611   16.30   17355   108
211.85000   -32.30972   12.95   22511    69
211.91833   -31.72694   15.28   17605    72
211.92625   -33.41500   16.95   16339     0
212.07625   -32.34472   15.70   16171    98
212.11500   -30.57500   16.20   15976    78
212.16625   -33.89472   16.18   20143    56
212.43500   -33.85722    0.00   20601    75
212.52708   -34.01083   14.98   30000    68
212.53667   -31.40861   15.84   25700    87
212.57667   -33.27028   13.05   16151    88
212.70083   -33.74639   14.59   30212   112
212.70292   -36.73639   13.73   18759    97
212.70458   -31.26472   16.00   16313   124
212.75292   -28.04722   16.60   22733   108
212.75792   -34.33556   14.33   22947   100
212.75833   -30.07722   16.70   18702    67
212.86125   -32.10139   14.26   18513    80
212.87750   -28.03972    0.00   22478   150
212.89250   -33.15528   12.19   16048    48
213.10750   -33.12361   15.80   16482    99
213.11625   -29.16722   16.20   16970   110
213.13583   -33.07306   12.07   15729    31
213.16458   -32.96306    0.00   15921    68
213.18083   -34.03194   16.30   16287   110
213.22458   -32.88417   15.75   15003    85
213.25167   -34.71361   15.11   37950    60
213.28625   -34.44778   16.60   24992   153
213.38000   -36.62861   15.43   30392    60
213.42708   -30.37194   15.40   16243   108
213.52292   -32.16833   15.65   27822    85
213.71000   -32.97056   15.62   14990    48
213.98167   -28.56250   13.39   16898    67
213.98958   -32.64306    0.00   16129   120
214.09667   -30.53111   15.63   16558    41
214.16083   -31.00250   14.86   28461    70
214.46458   -32.66472   14.55   31473   131
214.52667   -31.62250   14.27   45265    58
214.62250   -31.66250   16.00   19864   109
214.64750   -31.68361   14.76   15894    66
214.69250   -30.03694   16.30   17094    76
214.71625   -28.50972   15.90   17355   108
214.80750   -31.03111   14.34   20616    91
214.88583   -30.43139   16.40   16651    66
215.02375   -32.54556    0.00   19157   120
215.31625   -30.77056   16.19   31472    61
215.33375   -31.72778   14.16   38635    83
215.39542   -30.89750   15.09   31718    80
215.42083   -29.88806   15.30   16812    99
215.45500   -31.17944   16.20   19389    73
215.75000   -31.10028    0.00   19583    95
215.87500   -30.21361   15.50   17004    53
215.99375   -30.01861   15.70   16462    49
